2942
3889
4480
4995
5322
5620
5828
5978
6158
6325
6407
6483
6567
6641
6689
6742
6763
6804
6883
6925
6936
6964
6970
6993
7006
7020
7028
7034
7036
7046
7047
7048
7061
7067
7069
7069
7081
7081
7082
7084
7103
7108
7108
7109
7111
7112
7112
7112
7113
7113
7117
7117
7117
7118
7118
7118
7118
7118
7118
7118
7118
7118
7119
7119
7120
7120
7120
7120
7120
7120
7120
7120
7120
7120
7120
7120
7120
7120
7120
7120
7120
7120
7120
7120
7120
7120
7120
7120
7120
7120
7120
7120
7120
7120
7120
7120
7120
7120
7120
7120
7121
7121
7121
7121
7121
7121
7121
7121
7121
7121
7121
7121
7121
7121
7121
7121
7121
7121
7121
7121
7121
7121
7121
7121
7121
7121
7121
7121
7121
7121
7121
7121
7121
7121
7121
7121
7121
7121
7121
7121
7121
7121
7121
7121
7121
7121
7121
7121
7121
7121
7121
7121
7121
7121
7121
7121
7121
7121
7121
7121
7121
7121
7121
7121
7121
7121
7121
7121
7121
7121
7121
7121
7121
7121
7121
7121
7121
7121
7121
7121
7121
7121
7121
7121
7121
7121
7121
7121
7121
7121
7121
7121
7121
7121
7121
7121
7121
7121
7121
